P0 = 2.4132e+7; % Pa
T0 = 300; % K
At = (0.006 / 2)^2*pi; % m2
Ac = (0.01905/2)^2*pi;